1;20;3;22
1;20;23;42
1;20;43;62
21;40;3;22
21;40;23;42
21;40;43;62
41;60;3;22
41;60;23;42
41;60;43;62
61;80;3;22
61;80;23;42
61;80;43;62
81;100;3;22
81;100;23;42
81;100;43;62
101;120;3;22
101;120;23;42
101;120;43;62
121;140;3;22
121;140;23;42
121;140;43;62
141;160;3;22
141;160;23;42
141;160;43;62
161;180;3;22
161;180;23;42
161;180;43;62
181;200;3;22
181;200;23;42
181;200;43;62
201;220;3;22
201;220;23;42
201;220;43;62
221;240;3;22
221;240;23;42
221;240;43;62
241;260;3;22
241;260;23;42
241;260;43;62
261;280;3;22
261;280;23;42
261;280;43;62
281;300;3;22
281;300;23;42
281;300;43;62
301;320;3;22
301;320;23;42
301;320;43;62
321;340;3;22
321;340;23;42
321;340;43;62
341;360;3;22
341;360;23;42
341;360;43;62
361;380;3;22
361;380;23;42
361;380;43;62
381;400;3;22
381;400;23;42
381;400;43;62
401;420;3;22
401;420;23;42
401;420;43;62
421;440;3;22
421;440;23;42
421;440;43;62
441;460;3;22
441;460;23;42
441;460;43;62
461;480;3;22
461;480;23;42
461;480;43;62
481;500;3;22
481;500;23;42
481;500;43;62
501;520;3;22
501;520;23;42
501;520;43;62
521;540;3;22
521;540;23;42
521;540;43;62
541;560;3;22
541;560;23;42
541;560;43;62
561;580;3;22
561;580;23;42
561;580;43;62
581;600;3;22
581;600;23;42
581;600;43;62
601;620;3;22
601;620;23;42
601;620;43;62
621;640;3;22
621;640;23;42
621;640;43;62
641;660;3;22
641;660;23;42
641;660;43;62
661;680;3;22
661;680;23;42
661;680;43;62
681;700;3;22
681;700;23;42
681;700;43;62
701;720;3;22
701;720;23;42
701;720;43;62
721;740;3;22
721;740;23;42
721;740;43;62
741;760;3;22
741;760;23;42
741;760;43;62
761;780;3;22
761;780;23;42
761;780;43;62
781;800;3;22
781;800;23;42
781;800;43;62
801;820;3;22
801;820;23;42
801;820;43;62
821;840;3;22
821;840;23;42
821;840;43;62
841;860;3;22
841;860;23;42
841;860;43;62
861;880;3;22
861;880;23;42
861;880;43;62
881;900;3;22
881;900;23;42
881;900;43;62
901;920;3;22
901;920;23;42
901;920;43;62
921;940;3;22
921;940;23;42
921;940;43;62
941;960;3;22
941;960;23;42
941;960;43;62
961;980;3;22
961;980;23;42
961;980;43;62
981;1000;3;22
981;1000;23;42
981;1000;43;62
1001;1020;3;22
1001;1020;23;42
1001;1020;43;62
1021;1040;3;22
1021;1040;23;42
1021;1040;43;62
1041;1060;3;22
1041;1060;23;42
1041;1060;43;62
1061;1080;3;22
1061;1080;23;42
1061;1080;43;62
1081;1100;3;22
1081;1100;23;42
1081;1100;43;62
1101;1120;3;22
1101;1120;23;42
1101;1120;43;62
1121;1140;3;22
1121;1140;23;42
1121;1140;43;62
1141;1160;3;22
1141;1160;23;42
1141;1160;43;62
1161;1180;3;22
1161;1180;23;42
1161;1180;43;62
1181;1200;3;22
1181;1200;23;42
1181;1200;43;62
1201;1220;3;22
1201;1220;23;42
1201;1220;43;62
1221;1240;3;22
1221;1240;23;42
1221;1240;43;62
1241;1260;3;22
1241;1260;23;42
1241;1260;43;62
1261;1280;3;22
1261;1280;23;42
1261;1280;43;62
1281;1300;3;22
1281;1300;23;42
1281;1300;43;62
1301;1320;3;22
1301;1320;23;42
1301;1320;43;62
1321;1340;3;22
1321;1340;23;42
1321;1340;43;62
1341;1360;3;22
1341;1360;23;42
1341;1360;43;62
1361;1380;3;22
1361;1380;23;42
1361;1380;43;62
1381;1400;3;22
1381;1400;23;42
1381;1400;43;62
1401;1420;3;22
1401;1420;23;42
1401;1420;43;62
1421;1440;3;22
1421;1440;23;42
1421;1440;43;62
1441;1460;3;22
1441;1460;23;42
1441;1460;43;62
1461;1480;3;22
1461;1480;23;42
1461;1480;43;62
1481;1500;3;22
1481;1500;23;42
1481;1500;43;62
1501;1520;3;22
1501;1520;23;42
1501;1520;43;62
1521;1540;3;22
1521;1540;23;42
1521;1540;43;62
1541;1560;3;22
1541;1560;23;42
1541;1560;43;62
1561;1580;3;22
1561;1580;23;42
1561;1580;43;62
1581;1600;3;22
1581;1600;23;42
1581;1600;43;62
1601;1620;3;22
1601;1620;23;42
1601;1620;43;62
1621;1640;3;22
1621;1640;23;42
1621;1640;43;62
1641;1660;3;22
1641;1660;23;42
1641;1660;43;62
1661;1680;3;22
1661;1680;23;42
1661;1680;43;62
1681;1700;3;22
1681;1700;23;42
1681;1700;43;62
1701;1720;3;22
1701;1720;23;42
1701;1720;43;62
1721;1740;3;22
1721;1740;23;42
1721;1740;43;62
1741;1760;3;22
1741;1760;23;42
1741;1760;43;62
1761;1780;3;22
1761;1780;23;42
1761;1780;43;62
1781;1800;3;22
1781;1800;23;42
1781;1800;43;62
1801;1820;3;22
1801;1820;23;42
1801;1820;43;62
1821;1840;3;22
1821;1840;23;42
1821;1840;43;62
1841;1860;3;22
1841;1860;23;42
1841;1860;43;62
1861;1880;3;22
1861;1880;23;42
1861;1880;43;62
1881;1900;3;22
1881;1900;23;42
1881;1900;43;62
1901;1920;3;22
1901;1920;23;42
1901;1920;43;62
1921;1940;3;22
1921;1940;23;42
1921;1940;43;62
1941;1960;3;22
1941;1960;23;42
1941;1960;43;62
1961;1980;3;22
1961;1980;23;42
1961;1980;43;62
1981;2000;3;22
1981;2000;23;42
1981;2000;43;62
2001;2020;3;22
2001;2020;23;42
2001;2020;43;62
2021;2040;3;22
2021;2040;23;42
2021;2040;43;62
2041;2060;3;22
2041;2060;23;42
2041;2060;43;62
2061;2080;3;22
2061;2080;23;42
2061;2080;43;62
2081;2100;3;22
2081;2100;23;42
2081;2100;43;62
2101;2120;3;22
2101;2120;23;42
2101;2120;43;62
2121;2140;3;22
2121;2140;23;42
2121;2140;43;62
2141;2160;3;22
2141;2160;23;42
2141;2160;43;62
2161;2180;3;22
2161;2180;23;42
2161;2180;43;62
2181;2200;3;22
2181;2200;23;42
2181;2200;43;62
2201;2220;3;22
2201;2220;23;42
2201;2220;43;62
2221;2240;3;22
2221;2240;23;42
2221;2240;43;62
2241;2260;3;22
2241;2260;23;42
2241;2260;43;62
2261;2280;3;22
2261;2280;23;42
2261;2280;43;62
2281;2300;3;22
2281;2300;23;42
2281;2300;43;62
2301;2320;3;22
2301;2320;23;42
2301;2320;43;62
2321;2340;3;22
2321;2340;23;42
2321;2340;43;62
2341;2360;3;22
2341;2360;23;42
2341;2360;43;62
2361;2380;3;22
2361;2380;23;42
2361;2380;43;62
2381;2400;3;22
2381;2400;23;42
2381;2400;43;62
2401;2420;3;22
2401;2420;23;42
2401;2420;43;62
2421;2440;3;22
2421;2440;23;42
2421;2440;43;62
2441;2460;3;22
2441;2460;23;42
2441;2460;43;62
2461;2480;3;22
2461;2480;23;42
2461;2480;43;62
2481;2500;3;22
2481;2500;23;42
2481;2500;43;62
2501;2520;3;22
2501;2520;23;42
2501;2520;43;62
2521;2540;3;22
2521;2540;23;42
2521;2540;43;62
2541;2560;3;22
2541;2560;23;42
2541;2560;43;62
2561;2580;3;22
2561;2580;23;42
2561;2580;43;62
2581;2600;3;22
2581;2600;23;42
2581;2600;43;62
2601;2620;3;22
2601;2620;23;42
2601;2620;43;62
2621;2640;3;22
2621;2640;23;42
2621;2640;43;62
2641;2660;3;22
2641;2660;23;42
2641;2660;43;62
2661;2680;3;22
2661;2680;23;42
2661;2680;43;62
2681;2700;3;22
2681;2700;23;42
2681;2700;43;62
2701;2720;3;22
2701;2720;23;42
2701;2720;43;62
2721;2740;3;22
2721;2740;23;42
2721;2740;43;62
2741;2760;3;22
2741;2760;23;42
2741;2760;43;62
2761;2780;3;22
2761;2780;23;42
2761;2780;43;62
2781;2800;3;22
2781;2800;23;42
2781;2800;43;62
2801;2820;3;22
2801;2820;23;42
2801;2820;43;62
2821;2840;3;22
2821;2840;23;42
2821;2840;43;62
2841;2860;3;22
2841;2860;23;42
2841;2860;43;62
2861;2880;3;22
2861;2880;23;42
2861;2880;43;62
2881;2900;3;22
2881;2900;23;42
2881;2900;43;62
2901;2920;3;22
2901;2920;23;42
2901;2920;43;62
2921;2940;3;22
2921;2940;23;42
2921;2940;43;62
2941;2960;3;22
2941;2960;23;42
2941;2960;43;62
2961;2980;3;22
2961;2980;23;42
2961;2980;43;62
2981;3000;3;22
2981;3000;23;42
2981;3000;43;62
3001;3020;3;22
3001;3020;23;42
3001;3020;43;62
3021;3040;3;22
3021;3040;23;42
3021;3040;43;62
3041;3060;3;22
3041;3060;23;42
3041;3060;43;62
3061;3080;3;22
3061;3080;23;42
3061;3080;43;62
3081;3100;3;22
3081;3100;23;42
3081;3100;43;62
3101;3120;3;22
3101;3120;23;42
3101;3120;43;62
3121;3140;3;22
3121;3140;23;42
3121;3140;43;62
3141;3160;3;22
3141;3160;23;42
3141;3160;43;62
3161;3180;3;22
3161;3180;23;42
3161;3180;43;62
3181;3200;3;22
3181;3200;23;42
3181;3200;43;62
3201;3220;3;22
3201;3220;23;42
3201;3220;43;62
3221;3240;3;22
3221;3240;23;42
3221;3240;43;62
3241;3260;3;22
3241;3260;23;42
3241;3260;43;62
3261;3280;3;22
3261;3280;23;42
3261;3280;43;62
3281;3300;3;22
3281;3300;23;42
3281;3300;43;62
3301;3320;3;22
3301;3320;23;42
3301;3320;43;62
3321;3340;3;22
3321;3340;23;42
3321;3340;43;62
3341;3360;3;22
3341;3360;23;42
3341;3360;43;62
3361;3380;3;22
3361;3380;23;42
3361;3380;43;62
3381;3400;3;22
3381;3400;23;42
3381;3400;43;62
3401;3420;3;22
3401;3420;23;42
3401;3420;43;62
3421;3440;3;22
3421;3440;23;42
3421;3440;43;62
3441;3460;3;22
3441;3460;23;42
3441;3460;43;62
3461;3480;3;22
3461;3480;23;42
3461;3480;43;62
3481;3500;3;22
3481;3500;23;42
3481;3500;43;62
3501;3520;3;22
3501;3520;23;42
3501;3520;43;62
3521;3540;3;22
3521;3540;23;42
3521;3540;43;62
3541;3560;3;22
3541;3560;23;42
3541;3560;43;62
3561;3580;3;22
3561;3580;23;42
3561;3580;43;62
3581;3600;3;22
3581;3600;23;42
3581;3600;43;62
3601;3620;3;22
3601;3620;23;42
3601;3620;43;62
3621;3640;3;22
3621;3640;23;42
3621;3640;43;62
3641;3660;3;22
3641;3660;23;42
3641;3660;43;62
3661;3680;3;22
3661;3680;23;42
3661;3680;43;62
3681;3700;3;22
3681;3700;23;42
3681;3700;43;62
3701;3720;3;22
3701;3720;23;42
3701;3720;43;62
3721;3740;3;22
3721;3740;23;42
3721;3740;43;62
3741;3760;3;22
3741;3760;23;42
3741;3760;43;62
3761;3780;3;22
3761;3780;23;42
3761;3780;43;62
3781;3800;3;22
3781;3800;23;42
3781;3800;43;62
3801;3820;3;22
3801;3820;23;42
3801;3820;43;62
3821;3840;3;22
3821;3840;23;42
3821;3840;43;62
3841;3860;3;22
3841;3860;23;42
3841;3860;43;62
3861;3880;3;22
3861;3880;23;42
3861;3880;43;62
3881;3900;3;22
3881;3900;23;42
3881;3900;43;62
3901;3920;3;22
3901;3920;23;42
3901;3920;43;62
3921;3940;3;22
3921;3940;23;42
3921;3940;43;62
3941;3960;3;22
3941;3960;23;42
3941;3960;43;62
3961;3980;3;22
3961;3980;23;42
3961;3980;43;62
3981;4000;3;22
3981;4000;23;42
3981;4000;43;62
4001;4020;3;22
4001;4020;23;42
4001;4020;43;62
4021;4040;3;22
4021;4040;23;42
4021;4040;43;62
4041;4060;3;22
4041;4060;23;42
4041;4060;43;62
4061;4080;3;22
4061;4080;23;42
4061;4080;43;62
4081;4100;3;22
4081;4100;23;42
4081;4100;43;62
4101;4120;3;22
4101;4120;23;42
4101;4120;43;62
4121;4140;3;22
4121;4140;23;42
4121;4140;43;62
4141;4160;3;22
4141;4160;23;42
4141;4160;43;62
4161;4180;3;22
4161;4180;23;42
4161;4180;43;62
4181;4200;3;22
4181;4200;23;42
4181;4200;43;62
4201;4220;3;22
4201;4220;23;42
4201;4220;43;62
4221;4240;3;22
4221;4240;23;42
4221;4240;43;62
4241;4260;3;22
4241;4260;23;42
4241;4260;43;62
4261;4280;3;22
4261;4280;23;42
4261;4280;43;62
4281;4300;3;22
4281;4300;23;42
4281;4300;43;62
4301;4320;3;22
4301;4320;23;42
4301;4320;43;62
4321;4340;3;22
4321;4340;23;42
4321;4340;43;62
4341;4360;3;22
4341;4360;23;42
4341;4360;43;62
4361;4380;3;22
4361;4380;23;42
4361;4380;43;62
4381;4400;3;22
4381;4400;23;42
4381;4400;43;62
4401;4420;3;22
4401;4420;23;42
4401;4420;43;62
4421;4440;3;22
4421;4440;23;42
4421;4440;43;62
4441;4460;3;22
4441;4460;23;42
4441;4460;43;62
4461;4480;3;22
4461;4480;23;42
4461;4480;43;62
4481;4500;3;22
4481;4500;23;42
4481;4500;43;62
4501;4520;3;22
4501;4520;23;42
4501;4520;43;62
4521;4540;3;22
4521;4540;23;42
4521;4540;43;62
4541;4560;3;22
4541;4560;23;42
4541;4560;43;62
4561;4580;3;22
4561;4580;23;42
4561;4580;43;62
4581;4600;3;22
4581;4600;23;42
4581;4600;43;62
4601;4620;3;22
4601;4620;23;42
4601;4620;43;62
4621;4640;3;22
4621;4640;23;42
4621;4640;43;62
4641;4660;3;22
4641;4660;23;42
4641;4660;43;62
4661;4680;3;22
4661;4680;23;42
4661;4680;43;62
4681;4700;3;22
4681;4700;23;42
4681;4700;43;62
4701;4720;3;22
4701;4720;23;42
4701;4720;43;62
4721;4740;3;22
4721;4740;23;42
4721;4740;43;62
4741;4760;3;22
4741;4760;23;42
4741;4760;43;62
4761;4780;3;22
4761;4780;23;42
4761;4780;43;62
4781;4800;3;22
4781;4800;23;42
4781;4800;43;62
4801;4820;3;22
4801;4820;23;42
4801;4820;43;62
4821;4840;3;22
4821;4840;23;42
4821;4840;43;62
4841;4860;3;22
4841;4860;23;42
4841;4860;43;62
4861;4880;3;22
4861;4880;23;42
4861;4880;43;62
4881;4900;3;22
4881;4900;23;42
4881;4900;43;62
4901;4920;3;22
4901;4920;23;42
4901;4920;43;62
4921;4940;3;22
4921;4940;23;42
4921;4940;43;62
4941;4960;3;22
4941;4960;23;42
4941;4960;43;62
4961;4980;3;22
4961;4980;23;42
4961;4980;43;62
4981;5000;3;22
4981;5000;23;42
4981;5000;43;62
5001;5020;3;22
5001;5020;23;42
5001;5020;43;62
5021;5040;3;22
5021;5040;23;42
5021;5040;43;62
5041;5060;3;22
5041;5060;23;42
5041;5060;43;62
5061;5080;3;22
5061;5080;23;42
5061;5080;43;62
5081;5100;3;22
5081;5100;23;42
5081;5100;43;62
5101;5120;3;22
5101;5120;23;42
5101;5120;43;62
5121;5140;3;22
5121;5140;23;42
5121;5140;43;62
5141;5160;3;22
5141;5160;23;42
5141;5160;43;62
5161;5180;3;22
5161;5180;23;42
5161;5180;43;62
5181;5200;3;22
5181;5200;23;42
5181;5200;43;62
5201;5220;3;22
5201;5220;23;42
5201;5220;43;62
5221;5240;3;22
5221;5240;23;42
5221;5240;43;62
5241;5260;3;22
5241;5260;23;42
5241;5260;43;62
5261;5280;3;22
5261;5280;23;42
5261;5280;43;62
5281;5300;3;22
5281;5300;23;42
5281;5300;43;62
5301;5320;3;22
5301;5320;23;42
5301;5320;43;62
5321;5340;3;22
5321;5340;23;42
5321;5340;43;62
5341;5360;3;22
5341;5360;23;42
5341;5360;43;62
5361;5380;3;22
5361;5380;23;42
5361;5380;43;62
5381;5400;3;22
5381;5400;23;42
5381;5400;43;62
5401;5420;3;22
5401;5420;23;42
5401;5420;43;62
5421;5440;3;22
5421;5440;23;42
5421;5440;43;62
5441;5460;3;22
5441;5460;23;42
5441;5460;43;62
5461;5480;3;22
5461;5480;23;42
5461;5480;43;62
5481;5500;3;22
5481;5500;23;42
5481;5500;43;62
5501;5520;3;22
5501;5520;23;42
5501;5520;43;62
5521;5540;3;22
5521;5540;23;42
5521;5540;43;62
5541;5560;3;22
5541;5560;23;42
5541;5560;43;62
5561;5580;3;22
5561;5580;23;42
5561;5580;43;62
5581;5600;3;22
5581;5600;23;42
5581;5600;43;62
5601;5620;3;22
5601;5620;23;42
5601;5620;43;62
5621;5640;3;22
5621;5640;23;42
5621;5640;43;62
5641;5660;3;22
5641;5660;23;42
5641;5660;43;62
5661;5680;3;22
5661;5680;23;42
5661;5680;43;62
5681;5700;3;22
5681;5700;23;42
5681;5700;43;62
5701;5720;3;22
5701;5720;23;42
5701;5720;43;62
5721;5740;3;22
5721;5740;23;42
5721;5740;43;62
5741;5760;3;22
5741;5760;23;42
5741;5760;43;62
5761;5780;3;22
5761;5780;23;42
5761;5780;43;62
5781;5800;3;22
5781;5800;23;42
5781;5800;43;62
5801;5820;3;22
5801;5820;23;42
5801;5820;43;62
5821;5840;3;22
5821;5840;23;42
5821;5840;43;62
5841;5860;3;22
5841;5860;23;42
5841;5860;43;62
5861;5880;3;22
5861;5880;23;42
5861;5880;43;62
5881;5900;3;22
5881;5900;23;42
5881;5900;43;62
5901;5920;3;22
5901;5920;23;42
5901;5920;43;62
5921;5940;3;22
5921;5940;23;42
5921;5940;43;62
5941;5960;3;22
5941;5960;23;42
5941;5960;43;62
5961;5980;3;22
5961;5980;23;42
5961;5980;43;62
5981;6000;3;22
5981;6000;23;42
5981;6000;43;62
6001;6020;3;22
6001;6020;23;42
6001;6020;43;62
6021;6040;3;22
6021;6040;23;42
6021;6040;43;62
6041;6060;3;22
6041;6060;23;42
6041;6060;43;62
6061;6080;3;22
6061;6080;23;42
6061;6080;43;62
6081;6100;3;22
6081;6100;23;42
6081;6100;43;62
6101;6120;3;22
6101;6120;23;42
6101;6120;43;62
6121;6140;3;22
6121;6140;23;42
6121;6140;43;62
6141;6160;3;22
6141;6160;23;42
6141;6160;43;62
6161;6180;3;22
6161;6180;23;42
6161;6180;43;62
6181;6200;3;22
6181;6200;23;42
6181;6200;43;62
6201;6220;3;22
6201;6220;23;42
6201;6220;43;62
6221;6240;3;22
6221;6240;23;42
6221;6240;43;62
6241;6260;3;22
6241;6260;23;42
6241;6260;43;62
6261;6280;3;22
6261;6280;23;42
6261;6280;43;62
6281;6300;3;22
6281;6300;23;42
6281;6300;43;62
6301;6320;3;22
6301;6320;23;42
6301;6320;43;62
6321;6340;3;22
6321;6340;23;42
6321;6340;43;62
6341;6360;3;22
6341;6360;23;42
6341;6360;43;62
6361;6380;3;22
6361;6380;23;42
6361;6380;43;62
6381;6400;3;22
6381;6400;23;42
6381;6400;43;62
6401;6420;3;22
6401;6420;23;42
6401;6420;43;62
6421;6440;3;22
6421;6440;23;42
6421;6440;43;62
6441;6460;3;22
6441;6460;23;42
6441;6460;43;62
6461;6480;3;22
6461;6480;23;42
6461;6480;43;62
6481;6500;3;22
6481;6500;23;42
6481;6500;43;62
6501;6520;3;22
6501;6520;23;42
6501;6520;43;62
6521;6540;3;22
6521;6540;23;42
6521;6540;43;62
6541;6560;3;22
6541;6560;23;42
6541;6560;43;62
6561;6580;3;22
6561;6580;23;42
6561;6580;43;62
6581;6600;3;22
6581;6600;23;42
6581;6600;43;62
6601;6620;3;22
6601;6620;23;42
6601;6620;43;62
6621;6640;3;22
6621;6640;23;42
6621;6640;43;62
6641;6660;3;22
6641;6660;23;42
6641;6660;43;62
6661;6680;3;22
6661;6680;23;42
6661;6680;43;62
6681;6700;3;22
6681;6700;23;42
6681;6700;43;62
6701;6720;3;22
6701;6720;23;42
6701;6720;43;62
6721;6740;3;22
6721;6740;23;42
6721;6740;43;62
6741;6760;3;22
6741;6760;23;42
6741;6760;43;62
6761;6780;3;22
6761;6780;23;42
6761;6780;43;62
6781;6800;3;22
6781;6800;23;42
6781;6800;43;62
6801;6820;3;22
6801;6820;23;42
6801;6820;43;62
6821;6840;3;22
6821;6840;23;42
6821;6840;43;62
6841;6860;3;22
6841;6860;23;42
6841;6860;43;62
6861;6880;3;22
6861;6880;23;42
6861;6880;43;62
6881;6900;3;22
6881;6900;23;42
6881;6900;43;62
6901;6920;3;22
6901;6920;23;42
6901;6920;43;62
6921;6940;3;22
6921;6940;23;42
6921;6940;43;62
6941;6960;3;22
6941;6960;23;42
6941;6960;43;62
6961;6980;3;22
6961;6980;23;42
6961;6980;43;62
6981;7000;3;22
6981;7000;23;42
6981;7000;43;62
7001;7020;3;22
7001;7020;23;42
7001;7020;43;62
7021;7040;3;22
7021;7040;23;42
7021;7040;43;62
7041;7060;3;22
7041;7060;23;42
7041;7060;43;62
7061;7080;3;22
7061;7080;23;42
7061;7080;43;62
7081;7100;3;22
7081;7100;23;42
7081;7100;43;62
7101;7120;3;22
7101;7120;23;42
7101;7120;43;62
7121;7140;3;22
7121;7140;23;42
7121;7140;43;62
7141;7160;3;22
7141;7160;23;42
7141;7160;43;62
7161;7180;3;22
7161;7180;23;42
7161;7180;43;62
7181;7200;3;22
7181;7200;23;42
7181;7200;43;62
7201;7220;3;22
7201;7220;23;42
7201;7220;43;62
7221;7240;3;22
7221;7240;23;42
7221;7240;43;62
7241;7260;3;22
7241;7260;23;42
7241;7260;43;62
7261;7280;3;22
7261;7280;23;42
7261;7280;43;62
7281;7300;3;22
7281;7300;23;42
7281;7300;43;62
7301;7320;3;22
7301;7320;23;42
7301;7320;43;62
7321;7340;3;22
7321;7340;23;42
7321;7340;43;62
7341;7360;3;22
7341;7360;23;42
7341;7360;43;62
7361;7380;3;22
7361;7380;23;42
7361;7380;43;62
7381;7400;3;22
7381;7400;23;42
7381;7400;43;62
7401;7420;3;22
7401;7420;23;42
7401;7420;43;62
7421;7440;3;22
7421;7440;23;42
7421;7440;43;62
7441;7460;3;22
7441;7460;23;42
7441;7460;43;62
7461;7480;3;22
7461;7480;23;42
7461;7480;43;62
7481;7500;3;22
7481;7500;23;42
7481;7500;43;62
7501;7520;3;22
7501;7520;23;42
7501;7520;43;62
7521;7540;3;22
7521;7540;23;42
7521;7540;43;62
7541;7560;3;22
7541;7560;23;42
7541;7560;43;62
7561;7580;3;22
7561;7580;23;42
7561;7580;43;62
7581;7600;3;22
7581;7600;23;42
7581;7600;43;62
7601;7620;3;22
7601;7620;23;42
7601;7620;43;62
7621;7640;3;22
7621;7640;23;42
7621;7640;43;62
7641;7660;3;22
7641;7660;23;42
7641;7660;43;62
7661;7680;3;22
7661;7680;23;42
7661;7680;43;62
7681;7700;3;22
7681;7700;23;42
7681;7700;43;62
7701;7720;3;22
7701;7720;23;42
7701;7720;43;62
7721;7740;3;22
7721;7740;23;42
7721;7740;43;62
7741;7760;3;22
7741;7760;23;42
7741;7760;43;62
7761;7780;3;22
7761;7780;23;42
7761;7780;43;62
7781;7800;3;22
7781;7800;23;42
7781;7800;43;62
7801;7820;3;22
7801;7820;23;42
7801;7820;43;62
7821;7840;3;22
7821;7840;23;42
7821;7840;43;62
7841;7860;3;22
7841;7860;23;42
7841;7860;43;62
7861;7880;3;22
7861;7880;23;42
7861;7880;43;62
7881;7900;3;22
7881;7900;23;42
7881;7900;43;62
7901;7920;3;22
7901;7920;23;42
7901;7920;43;62
7921;7940;3;22
7921;7940;23;42
7921;7940;43;62
7941;7960;3;22
7941;7960;23;42
7941;7960;43;62
7961;7980;3;22
7961;7980;23;42
7961;7980;43;62
7981;8000;3;22
7981;8000;23;42
7981;8000;43;62
8001;8020;3;22
8001;8020;23;42
8001;8020;43;62
8021;8040;3;22
8021;8040;23;42
8021;8040;43;62
8041;8060;3;22
8041;8060;23;42
8041;8060;43;62
8061;8080;3;22
8061;8080;23;42
8061;8080;43;62
8081;8100;3;22
8081;8100;23;42
8081;8100;43;62
8101;8120;3;22
8101;8120;23;42
8101;8120;43;62
8121;8140;3;22
8121;8140;23;42
8121;8140;43;62
8141;8160;3;22
8141;8160;23;42
8141;8160;43;62
8161;8180;3;22
8161;8180;23;42
8161;8180;43;62
8181;8200;3;22
8181;8200;23;42
8181;8200;43;62
8201;8220;3;22
8201;8220;23;42
8201;8220;43;62
8221;8240;3;22
8221;8240;23;42
8221;8240;43;62
8241;8260;3;22
8241;8260;23;42
8241;8260;43;62
8261;8280;3;22
8261;8280;23;42
8261;8280;43;62
8281;8300;3;22
8281;8300;23;42
8281;8300;43;62
8301;8320;3;22
8301;8320;23;42
8301;8320;43;62
8321;8340;3;22
8321;8340;23;42
8321;8340;43;62
8341;8360;3;22
8341;8360;23;42
8341;8360;43;62
8361;8380;3;22
8361;8380;23;42
8361;8380;43;62
8381;8400;3;22
8381;8400;23;42
8381;8400;43;62
8401;8420;3;22
8401;8420;23;42
8401;8420;43;62
8421;8440;3;22
8421;8440;23;42
8421;8440;43;62
8441;8460;3;22
8441;8460;23;42
8441;8460;43;62
8461;8480;3;22
8461;8480;23;42
8461;8480;43;62
8481;8500;3;22
8481;8500;23;42
8481;8500;43;62
8501;8520;3;22
8501;8520;23;42
8501;8520;43;62
8521;8540;3;22
8521;8540;23;42
8521;8540;43;62
8541;8560;3;22
8541;8560;23;42
8541;8560;43;62
8561;8580;3;22
8561;8580;23;42
8561;8580;43;62
8581;8600;3;22
8581;8600;23;42
8581;8600;43;62
8601;8620;3;22
8601;8620;23;42
8601;8620;43;62
8621;8640;3;22
8621;8640;23;42
8621;8640;43;62
8641;8660;3;22
8641;8660;23;42
8641;8660;43;62
8661;8680;3;22
8661;8680;23;42
8661;8680;43;62
8681;8700;3;22
8681;8700;23;42
8681;8700;43;62
8701;8720;3;22
8701;8720;23;42
8701;8720;43;62
8721;8740;3;22
8721;8740;23;42
8721;8740;43;62
8741;8760;3;22
8741;8760;23;42
8741;8760;43;62
8761;8780;3;22
8761;8780;23;42
8761;8780;43;62
8781;8800;3;22
8781;8800;23;42
8781;8800;43;62
8801;8820;3;22
8801;8820;23;42
8801;8820;43;62
8821;8840;3;22
8821;8840;23;42
8821;8840;43;62
8841;8860;3;22
8841;8860;23;42
8841;8860;43;62
8861;8880;3;22
8861;8880;23;42
8861;8880;43;62
8881;8900;3;22
8881;8900;23;42
8881;8900;43;62
8901;8920;3;22
8901;8920;23;42
8901;8920;43;62
8921;8940;3;22
8921;8940;23;42
8921;8940;43;62
8941;8960;3;22
8941;8960;23;42
8941;8960;43;62
8961;8980;3;22
8961;8980;23;42
8961;8980;43;62
8981;9000;3;22
8981;9000;23;42
8981;9000;43;62
9001;9020;3;22
9001;9020;23;42
9001;9020;43;62
9021;9040;3;22
9021;9040;23;42
9021;9040;43;62
9041;9060;3;22
9041;9060;23;42
9041;9060;43;62
9061;9080;3;22
9061;9080;23;42
9061;9080;43;62
9081;9100;3;22
9081;9100;23;42
9081;9100;43;62
9101;9120;3;22
9101;9120;23;42
9101;9120;43;62
9121;9140;3;22
9121;9140;23;42
9121;9140;43;62
9141;9160;3;22
9141;9160;23;42
9141;9160;43;62
9161;9180;3;22
9161;9180;23;42
9161;9180;43;62
9181;9200;3;22
9181;9200;23;42
9181;9200;43;62
9201;9220;3;22
9201;9220;23;42
9201;9220;43;62
9221;9240;3;22
9221;9240;23;42
9221;9240;43;62
9241;9260;3;22
9241;9260;23;42
9241;9260;43;62
9261;9280;3;22
9261;9280;23;42
9261;9280;43;62
9281;9300;3;22
9281;9300;23;42
9281;9300;43;62
9301;9320;3;22
9301;9320;23;42
9301;9320;43;62
9321;9340;3;22
9321;9340;23;42
9321;9340;43;62
9341;9360;3;22
9341;9360;23;42
9341;9360;43;62
9361;9380;3;22
9361;9380;23;42
9361;9380;43;62
9381;9400;3;22
9381;9400;23;42
9381;9400;43;62
9401;9420;3;22
9401;9420;23;42
9401;9420;43;62
9421;9440;3;22
9421;9440;23;42
9421;9440;43;62
9441;9460;3;22
9441;9460;23;42
9441;9460;43;62
9461;9480;3;22
9461;9480;23;42
9461;9480;43;62
9481;9500;3;22
9481;9500;23;42
9481;9500;43;62
9501;9520;3;22
9501;9520;23;42
9501;9520;43;62
9521;9540;3;22
9521;9540;23;42
9521;9540;43;62
9541;9560;3;22
9541;9560;23;42
9541;9560;43;62
9561;9580;3;22
9561;9580;23;42
9561;9580;43;62
9581;9600;3;22
9581;9600;23;42
9581;9600;43;62
9601;9620;3;22
9601;9620;23;42
9601;9620;43;62
9621;9640;3;22
9621;9640;23;42
9621;9640;43;62
9641;9660;3;22
9641;9660;23;42
9641;9660;43;62
9661;9680;3;22
9661;9680;23;42
9661;9680;43;62
9681;9700;3;22
9681;9700;23;42
9681;9700;43;62
9701;9720;3;22
9701;9720;23;42
9701;9720;43;62
9721;9740;3;22
9721;9740;23;42
9721;9740;43;62
9741;9760;3;22
9741;9760;23;42
9741;9760;43;62
9761;9780;3;22
9761;9780;23;42
9761;9780;43;62
9781;9800;3;22
9781;9800;23;42
9781;9800;43;62
9801;9820;3;22
9801;9820;23;42
9801;9820;43;62
9821;9840;3;22
9821;9840;23;42
9821;9840;43;62
9841;9860;3;22
9841;9860;23;42
9841;9860;43;62
9861;9880;3;22
9861;9880;23;42
9861;9880;43;62
9881;9900;3;22
9881;9900;23;42
9881;9900;43;62
9901;9920;3;22
9901;9920;23;42
9901;9920;43;62
9921;9940;3;22
9921;9940;23;42
9921;9940;43;62
9941;9960;3;22
9941;9960;23;42
9941;9960;43;62
9961;9980;3;22
9961;9980;23;42
9961;9980;43;62
9981;10000;3;22
9981;10000;23;42
9981;10000;43;62
10001;10020;3;22
10001;10020;23;42
10001;10020;43;62
